G1: rows=(0, 1, 2, 3, 4, 5), j0=0, target_to_source=(0, 1, 2, 3, 4, 5)
U=
Matrix([
[1, 0, 0, 0, 0, 0],
[0, 1, 0, 0, 0, 0],
[0, 0, 1, 0, 0, 0],
[0, 0, 0, 1, 0, 0],
[0, 0, 0, 0, 1, 0],
[0, 0, 0, 0, 0, 1]])
Q=
Matrix([
[1, 0, 0, 0, 0, 0],
[0, 1, 0, 0, 0, 0],
[0, 0, 1, 0, 0, 0],
[0, 0, 0, 1, 0, 0],
[0, 0, 0, 0, 1, 0],
[0, 0, 0, 0, 0, 1]])
gauge first component multiplier = Matrix([[1, 0, 0, 0, 0, 0]])

G2: rows=(0, 3, 2, 1, 5, 4), j0=0, target_to_source=(0, 4, 3, 2, 1, 5)
U=
Matrix([
[1, 0, 0, 0, 0, 0],
[0, 0, 0, 1, 0, 0],
[0, 0, 1, 0, 0, 0],
[0, 1, 0, 0, 0, 0],
[0, 0, 0, 0, 0, 1],
[0, 0, 0, 0, 1, 0]])
Q=
Matrix([
[1, 0, 0, 0, 0, 0],
[0, 0, 0, 0, 1, 0],
[0, 0, 0, 1, 0, 0],
[0, 0, 1, 0, 0, 0],
[0, 1, 0, 0, 0, 0],
[0, 0, 0, 0, 0, 1]])
gauge first component multiplier = Matrix([[1, 0, 0, 0, 0, 0]])

G3: rows=(1, 4, 3, 5, 0, 2), j0=1, target_to_source=(1, 3, 5, 0, 2, 4)
U=
Matrix([
[0, -1, 0,  0, 0,  0],
[0,  0, 0,  0, z,  0],
[0,  0, 0, -I, 0,  0],
[0,  0, 0,  0, 0, -z],
[1,  0, 0,  0, 0,  0],
[0,  0, I,  0, 0,  0]])
Q=
Matrix([
[0,   0,  0, -1,    0, 0],
[1,   0,  0,  0,    0, 0],
[0,   0,  0,  0, -1/z, 0],
[0, 1/z,  0,  0,    0, 0],
[0,   0,  0,  0,    0, I],
[0,   0, -I,  0,    0, 0]])
gauge first component multiplier = Matrix([[0, -1, 0, 0, 0, 0]])

G4: rows=(1, 5, 3, 4, 2, 0), j0=1, target_to_source=(1, 2, 0, 5, 3, 4)
U=
Matrix([
[0, -1, 0,  0, 0,  0],
[0,  0, 0,  0, 0, -z],
[0,  0, 0, -I, 0,  0],
[0,  0, 0,  0, z,  0],
[0,  0, I,  0, 0,  0],
[1,  0, 0,  0, 0,  0]])
Q=
Matrix([
[0,    0, -1,  0,   0, 0],
[1,    0,  0,  0,   0, 0],
[0, -1/z,  0,  0,   0, 0],
[0,    0,  0,  0, 1/z, 0],
[0,    0,  0,  0,   0, I],
[0,    0,  0, -I,   0, 0]])
gauge first component multiplier = Matrix([[0, -1, 0, 0, 0, 0]])

G5: rows=(2, 1, 0, 3, 5, 4), j0=5, target_to_source=(5, 1, 3, 2, 4, 0)
U=
Matrix([
[0, 0, -1, 0,  0,  0],
[0, I,  0, 0,  0,  0],
[1, 0,  0, 0,  0,  0],
[0, 0,  0, I,  0,  0],
[0, 0,  0, 0,  0, -I],
[0, 0,  0, 0, -I,  0]])
Q=
Matrix([
[0,  0, 0, 0,  0, -1],
[0, -I, 0, 0,  0,  0],
[0,  0, 0, I,  0,  0],
[0,  0, I, 0,  0,  0],
[0,  0, 0, 0, -I,  0],
[1,  0, 0, 0,  0,  0]])
gauge first component multiplier = Matrix([[0, 0, -1, 0, 0, 0]])

G6: rows=(2, 3, 0, 1, 4, 5), j0=5, target_to_source=(5, 4, 2, 3, 1, 0)
U=
Matrix([
[0, 0, -1, 0,  0,  0],
[0, 0,  0, I,  0,  0],
[1, 0,  0, 0,  0,  0],
[0, I,  0, 0,  0,  0],
[0, 0,  0, 0, -I,  0],
[0, 0,  0, 0,  0, -I]])
Q=
Matrix([
[0,  0, 0, 0,  0, -1],
[0,  0, 0, 0, -I,  0],
[0,  0, I, 0,  0,  0],
[0,  0, 0, I,  0,  0],
[0, -I, 0, 0,  0,  0],
[1,  0, 0, 0,  0,  0]])
gauge first component multiplier = Matrix([[0, 0, -1, 0, 0, 0]])

G7: rows=(3, 4, 1, 5, 2, 0), j0=4, target_to_source=(4, 3, 0, 5, 2, 1)
U=
Matrix([
[0,  0, 0, -1,  0, 0],
[0,  0, 0,  0, -z, 0],
[0, -I, 0,  0,  0, 0],
[0,  0, 0,  0,  0, z],
[0,  0, I,  0,  0, 0],
[1,  0, 0,  0,  0, 0]])
Q=
Matrix([
[0,    0, -1,  0,   0, 0],
[0,    0,  0,  0,   0, I],
[0,    0,  0,  0, 1/z, 0],
[0, -1/z,  0,  0,   0, 0],
[1,    0,  0,  0,   0, 0],
[0,    0,  0, -I,   0, 0]])
gauge first component multiplier = Matrix([[0, 0, 0, -1, 0, 0]])

G8: rows=(3, 5, 1, 4, 0, 2), j0=4, target_to_source=(4, 2, 5, 0, 3, 1)
U=
Matrix([
[0,  0, 0, -1,  0, 0],
[0,  0, 0,  0,  0, z],
[0, -I, 0,  0,  0, 0],
[0,  0, 0,  0, -z, 0],
[1,  0, 0,  0,  0, 0],
[0,  0, I,  0,  0, 0]])
Q=
Matrix([
[0,   0,  0, -1,    0, 0],
[0,   0,  0,  0,    0, I],
[0, 1/z,  0,  0,    0, 0],
[0,   0,  0,  0, -1/z, 0],
[1,   0,  0,  0,    0, 0],
[0,   0, -I,  0,    0, 0]])
gauge first component multiplier = Matrix([[0, 0, 0, -1, 0, 0]])

G9: rows=(4, 0, 5, 2, 1, 3), j0=3, target_to_source=(3, 0, 4, 1, 5, 2)
U=
Matrix([
[0,    0,  0,   0, -1, 0],
[1,    0,  0,   0,  0, 0],
[0,    0,  0,   0,  0, I],
[0,    0, -I,   0,  0, 0],
[0, -1/z,  0,   0,  0, 0],
[0,    0,  0, 1/z,  0, 0]])
Q=
Matrix([
[0, -1, 0,  0, 0,  0],
[0,  0, 0, -z, 0,  0],
[0,  0, 0,  0, 0, -I],
[1,  0, 0,  0, 0,  0],
[0,  0, z,  0, 0,  0],
[0,  0, 0,  0, I,  0]])
gauge first component multiplier = Matrix([[0, 0, 0, 0, -1, 0]])

G10: rows=(4, 2, 5, 0, 3, 1), j0=3, target_to_source=(3, 5, 1, 4, 0, 2)
U=
Matrix([
[0,    0,  0,   0, -1, 0],
[0,    0, -I,   0,  0, 0],
[0,    0,  0,   0,  0, I],
[1,    0,  0,   0,  0, 0],
[0,    0,  0, 1/z,  0, 0],
[0, -1/z,  0,   0,  0, 0]])
Q=
Matrix([
[0, 0,  0, 0, -1,  0],
[0, 0, -z, 0,  0,  0],
[0, 0,  0, 0,  0, -I],
[1, 0,  0, 0,  0,  0],
[0, 0,  0, z,  0,  0],
[0, I,  0, 0,  0,  0]])
gauge first component multiplier = Matrix([[0, 0, 0, 0, -1, 0]])

G11: rows=(5, 0, 4, 2, 3, 1), j0=2, target_to_source=(2, 0, 1, 4, 5, 3)
U=
Matrix([
[0,   0,  0,    0, 0, -1],
[1,   0,  0,    0, 0,  0],
[0,   0,  0,    0, I,  0],
[0,   0, -I,    0, 0,  0],
[0,   0,  0, -1/z, 0,  0],
[0, 1/z,  0,    0, 0,  0]])
Q=
Matrix([
[0, -1, 0,  0, 0,  0],
[0,  0, z,  0, 0,  0],
[1,  0, 0,  0, 0,  0],
[0,  0, 0,  0, 0, -I],
[0,  0, 0, -z, 0,  0],
[0,  0, 0,  0, I,  0]])
gauge first component multiplier = Matrix([[0, 0, 0, 0, 0, -1]])

G12: rows=(5, 2, 4, 0, 1, 3), j0=2, target_to_source=(2, 5, 4, 1, 0, 3)
U=
Matrix([
[0,   0,  0,    0, 0, -1],
[0,   0, -I,    0, 0,  0],
[0,   0,  0,    0, I,  0],
[1,   0,  0,    0, 0,  0],
[0, 1/z,  0,    0, 0,  0],
[0,   0,  0, -1/z, 0,  0]])
Q=
Matrix([
[0, 0,  0, 0, -1,  0],
[0, 0,  0, z,  0,  0],
[1, 0,  0, 0,  0,  0],
[0, 0,  0, 0,  0, -I],
[0, 0, -z, 0,  0,  0],
[0, I,  0, 0,  0,  0]])
gauge first component multiplier = Matrix([[0, 0, 0, 0, 0, -1]])

